150248
631847
647948
671315
692698
722921
833315
907012
941189
942510
998692
998693
1000539
1008825
1040253
1044476
1044774
1074074
1074888
1077810
1081117
1082433
1082646
1083105
1083528
1087029
1089975
1091750
1091759
1094449
1094930
1096007
1096008
1102234
1109355
1109363
1115374
1117476
1121912
1127599
1128177
1130336
1130715
1132174
1133257
1133748
1134530
1134535
1141258
1144047
1150065
1150076
1162183
1162187
1163113
1166474
1168467
1170783
1184325
1184340
1186545
1198647
1199715
1206540
1206543
1209084
1209087
1221583
1221878
1222623
1225099
1227011
1229308
1236657
1241819
1247118
1247121
1248110
1248112
1252755
1252778
1253502
1254093
1256722
1256724
1257425
1257555
1258278
1258720
1264388
1264546
1264547
1266678
1266679
1278686
1280659
1280799
1281107
1283940
1283945
1287657
1297288
1297395
1314962
1320584
1322963
1322968
1327056
1328068
1330414
1331405
1331411
1336821
1338138
1338399
1338409
1356054
1366436
1374480
1374589
1376591
1382365
1398275
1400273
1402830
1413121
1420120
1424106
1424107
1424108
1425974
1426045
1427585
1427589
1427815
1428103
1429809
1429810
1429812
1429816
1432385
1432390
1440029
1444173
1445776
1448043
1448194
1448204
1448206
1448216
1448217
1448219
1449300
1449311
1449373
1449416
1450771
1450985
1453778
1453779
1454910
1455427
1457553
1457560
1459155
1463246
1466660
1466661
1466662
1466666
1468155
1488213
1498281
1504264
1506539
1506540
1510454
1510479
1532619
1532620
1532625
1546310
1551665
1559878
1565152
1573287
1575245
1576022
1577214
1580031
1588180
1588189
1589214
1589946
1591049
1591914
1591921
1591922
1591923
1592445
1597333
1597342
1597347
1597351
1602011
1607070
1611620
1611625
1612016
1613672
1624958
1624969
1631887
1631917
1631931
1638890
1638902
1638915
1638921
1638922
1638927
1645069
1647229
1647230
1647257
1652619
1655669
1655670
1656202
1667680
1669780
1677140
1678879
1684453
1684893
1685699
1685714
1685716
1685721
1690668
1707419
1707420
1707423
1707530
1707543
1707551
1716783
1716788
1716797
1719821
1724780
1724791
1727639
1727644
1729055
1729083
1735351
1735868
1735882
1738993
1738996
1745359
1750497
1752045
1752056
1752760
1753171
1770620
1771137
1773279
1773284
1776594
1776596
1777833
1777834
1777837
1777842
1777846
1777851
1793772
1793800
1793810
1793814
1804880
1805242
1805254
1805261
1805948
1805952
1805953
1813595
1813597
1813600
1819249
1821182
1834307
1834316
1839815
1841355
1841622
1847690
1847713
1847716
1847721
1848319
1848329
1848331
1848333
1848334
1848336
1848337
1849826
1852664
1864497
1864687
1867749
1867776
1869029
1870020
1879521
1881137
1884099
1884112
1895654
1900226
1900282
1912210
1913310
1917318
1917356
1926808
1926809
1926816
1927533
1927536
1928994
1929001
1933501
1933502
1933506
1933521
1933522
1933523
1933526
1933527
1933541
1943119
1947910
1947914
1949999
1953413
1963942
1964133
1964144
1964145
1968079
1978056
1980482
1980491
1989852
1993458
1993461
1999350
2003200
2003203
2003209
2009814
2009821
2009823
2009826
2010161
2015734
2015877
2015887
2015914
2017972
2019894
2019897
2022749
2026200
2026262
2028171
2028291
2029437
2029448
2029451
2030695
2035214
2035223
2035897
2038977
2047303
2054342
2060745
2060759
2060760
2060761
2060768
2068363
2078174
2081953
2081969
2087607
2089206
2089235
2089241
2095599
2098192
2098193
2098194
2098201
2098202
2098203
2098666
2098691
2101539
2101545
2101843
2101850
2101907
2101909
2103766
2112931
2112981
2112982
2127675
2132198
2133335
2133339
2140981
2141501
2151534
2156956
2156960
2156988
2156993
2172906
2178830
2178832
2183007
2186394
2186845
2190696
2190700
2190702
2190704
2190706
2190708
2190718
2191289
2191291
2191293
2191297
2191512
2191532
2197922
2198405
2198409
2200379
2200381
2217854
2217856
2218386
2218531
2218535
2219063
2220415
2223292
2223889
2223893
2237207
2241884
2245565
2249991
2268749
2269272
2272896
2274009
2274245
2291166
2291172
2291174
2292003
2292021
2292025
2292047
2295200
2295719
2296061
2302995
2307291
2323150
2330950
2331619
2334181
2343678
2355322
2355324
2355338
2355340
2355342
2355346
2356229
2356241
2368534
2369397
2384395
1022322873
1022322874
1026355876
1026355877
1028914195
1030175999
1030178630
1030435027
1030438407
1030440713
1030445081
1030575835
1030711636
1030717000
1030769296
1033034404
1033104292
1033134147
1033150045
1033923363
1036341231
1036984651
1036984714
1037373015
1037550155
1037550156
1037910108
1038469616
1038478937
1038529274
1038563161
1038595140
1041784925
1052871215
1053472380
1055014537
1055262656
1055266635
1055877929
1055877930
1057380010
1057541176
1057545538
1065061279
1066333988
1066363894
1072324463
1072324464
1073925720
1073925721
1075319229
1076270968
1078501509
1078670391
1078670448
1078709342
1079436379
1079445894
1079582495
1079593525
1079602829
1079787380
1079858732
1079930138
1081992515
1082001190
1082530674
1083183691
1089931791
1090582647
1090590901
1090624582
1095535756
1096921624
1100097799
1100097800
1101314346
1107529743
1113524853
1113552096
1113563880
1113571919
1113619268
1113960279
1114538590
1114574977
1115485518
1116352650
1116440444
1118706712
1121588857
1123855947
1124098427
1130378143
1136698832
1139113732
1139125356
1139139517
1139157870
1139990911
1141967356
1147759541
1147792746
1154646793
1159198734
1161480224
1162578466
1164169843
1164916412
1165211238
1167714925
1171584052
1172430472
1172647190
1179846487
1180704198
1181060049
1183905131
1185806884
1186497004
1186507229
1187114356
1187191903
1188186995
1201975969
1202000565
1210602712
1211301957
1211301958
1214168054
1215585745
1218251183
1218251184
1218256276
1218256277
1222933712
1222942343
1225255584
1225255585
1225321217
1233178301
1233205985
1233328076
1236254654
1236254655
1243141853
1245142331
1245692576
1252291378
1252865262
1253863232
1257573570
1257573571
1257573572
1257573574
1267823923
1267823924
1275797160
1275797161
1276956547
1276962144
1278243238
1278277340
1281296844
1281339938
1283817796
1283888067
1289008835
1291115634
1291120148
1291696157
1291890393
1291918697
1291967418
1291998854
1292820812
1292854491
1292893288
1293334983
1295349548
1298453929
1299973313
1304389732
1305400760
1314345320
1314522949
1314541036
1314596031
1315423057
1316775999
1319044380
1321094391
1321402812
1321402813
1324805361
1324810347
1334498096
1334498097
1335976198
1335979931
1340961610
1340977622
1344955256
1348700211
1355672043
1356427559
1356548556
1356575060
1357629703
1357684501
1358002484
1358168496
1361323366
1361616978
1362965958
1363112466
1366579965
1367341852
1367341853
1367553586
1367563759
1367750054
1373705060
1374691537
1378456590
1378526930
1380453740
1381157845
1381157846
1381295464
1381295465
1389031239
1390005338
1391621108
1392130829
1392466542
1394624458
1406985889
1407924059
1407924060
1407940984
1407947207
1407953675
1408027812
1408143900
1408365354
1408804529
1408824107
1409535119
1409980224
1411208221
1415135579
1419266191
1419266192
1420050510
1420240442
1422214319
1426161568
1426843200
1426843201
1426843202
1432092910
1432938929
1433063108
1433515457
1433529420
1434753410
1434759195
1435268469
1435814024
1435902426
1439920758
1443381367
1444519770
1445828721
1450722176
1450722177
1453052217
1453385938
1453664465
1454137788
1455093464
1457159456
1457175215
1457225474
1458035607
1459112816
1459675192
1461428347
1461786124
1462064010
1462146853
1462296001
1462907030
1463586837
1463589129
1465802282
1466936661
1466986694
1469582371
1469582372
1469926497
1469935248
1472258476
1472291119
1472485689
1473724868
1474868898
1474872584
1474880308
1475585989
1475699699
1475949239
1476228640
1476243299
1476363994
1476868952
1476887717
1476910925
1476932320
1476954604
1476962942
1479321474
1485703629
1485708165
1486881681
1486881682
1487909894
1487909895
1488501372
1488501373
1489392226
1489822339
1492769668
1492788105
1492875010
1492889907
1492902356
1492911084
1492920879
1493035267
1493889304
1494080629
1494365219
1497835490
1498011134
1498981524
1498989116
1498997809
1499314961
1501146142
1502206675
1502483450
1503260957
1503466388
1503498995
1503662418
1503755273
1503770518
1503784385
1503786955
1503786956
1503882473
1504669053
1504669054
1505812304
1505825764
1506301313
1506312633
1506372533
1506386082
1506960658
1507171695
1510989255
1511271007
1511293071
1511297842
1511301783
1511305091
1511318227
1511364134
1511388725
1511866635
1511953865
1511967727
1512025181
1512045331
1512067838
1512158519
1512491183
1512542238
1512659674
1513074225
1513360662
1513673443
1513931136
1513942489
1514325834
1515683454
1516777169
1516780584
1516783219
1516793647
1516795028
1518098659
1518103484
1518895472
1519036182
1519059782
1519239926
1519250462
1519811259
1519812044
1520568266
1520657492
1521310192
1521519580
1521566828
1521572185
1523422438
1525807576
1525830976
1525932457
1531089895
1531554693
1531745470
1532405916
1533756851
1534465313
1535234466
1535379056
1535384657
1535578731
1535960524
1536037593
1536114067
1536548389
1536616151
1537380312
1537401132
1537407225
1537423741
1537459513
1537485760
1537514640
1537537875
1537595204
1538769955
1538910224
1538928537
1539075938
1540180627
1540383495
1541763943
1543433769
1543660231
1543781357
1545387607
1546418028
1546472992
1547598826
1547635562
1547913758
1547984765
1548007430
1549568958
1550326218
1550759718
1550823323
1552083328
1552085349
1552731233
1554855345
1554938429
1554964338
1555824378
1555824379
1556342645
1556402317
1556839626
1557454602
1558815547
1559277296
1559277297
1560071903
1560082476
1560109979
1560195069
1560205156
1560211069
1560369882
1560865329
1560898380
1560922651
1561040214
1561087004
1561115906
1561233966
1561721242
1562028895
1562056424
1562202829
1562212726
1562212727
1562286334
1565918256
1566129424
1566683811
1567238613
1567392782
1567406011
1567939747
1569134096
1569169678
1570289279
1570504515
1570663155
1570663182
1570679098
1570698900
1571216020
1571254645
1572215823
1572791663
1572817549
1572827859
1572874616
1572885309
1573008804
1574088438
1574095473
1574105347
1574111701
1574128072
1574169729
1574213993
1574902816
1574915124
1576459788
1577058079
1577129559
1577129560
1579102477
1579967407
1580013442
1580039286
1580061331
1580095552
1580282128
1580743932
1580750680
1581294597
1582120008
1583392033
1585097406
1585109759
1585314148
1585604217
1585681834
1587806181
1587815677
1587821228
1587858797
1588649931
1588657510
1588662994
1589751894
1590366551
1590386589
1590399045
1590415102
1590507132
1592840980
1592911358
1592941083
1592960393
1593867005
1593995480
1594266897
1594325634
1594330537
1594441466
1594441467
1594441468
1594448372
1594601190
1595313933
1595411659
1595483822
1595488818
1595498843
1595503383
1595567732
1595652727
1597697560
1597726819
1597835563
1598297815
1600812159
1601129067
1601186368
1601193257
1602483315
1603340678
1603348437
1603364646
1603975392
1604315148
1606228341
1610822679
1610822680
1612312964
1612363703
1613451100
1613460005
1613475792
1613482297
1613487720
1613574713
1616631302
1616833283
1617591180
1617674104
1617711730
1617724884
1617918261
1617918262
1618144068
1619547742
1619596965
1619596966
1620415482
1620835874
1620908692
1621488172
1622056028
1622367318
1622669397
1623019759
1623256455
1623256456
1624118946
1624118947
1624526498
1624544081
1624550826
1624557614
1624576280
1624681341
1624689843
1624795913
1626164086
1626169278
1626407723
1627080022
1627203026
1627216527
1628973666
1629011808
1629163733
1629366707
1630655247
1630665163
1632585054
1632585055
1639185504
1639240945
1639299003
1639550286
1639581451
1640716876
1642591241
1642619384
1642916394
1642989332
1643058663
1646987407
1647323504
1648338641
1648356033
1648357773
1649031042
1650378765
1650378766
1653574240
1653588954
1653626370
1653695227
1653732371
1654405951
1655306097
1657273033
1658628134
1660937437
1661005957
1661945304
1661961906
1666454020
1666454021
1666454022
1666454023
1666454024
1667019405
1668613156
1668642342
1668692469
1668702503
1668726470
1668729574
1668748236
1668767608
1668784790
1668830408
1668966593
1669028349
1670087815
1670126092
1670794802
1672510485
1672538045
1672581846
1672611057
1672649520
1672862441
1673794900
1676984331
1677094837
1677893867
1677893868
1677908958
1677908959
1679360583
1679369227
1679369228
1681410516
1681425845
1681929779
1683909429
1685487845
1691308830
1692512533
1696497068
1696497069
1696890581
1696940713
1697979620
1698831243
1698943376
1698947551
1699710907
1700140874
1700156903
1700226583
1700448352
1705680575
1706663395
1706691300
1708870691
1708870692
1708871242
1708871243
1708878666
1708879811
1708879812
1708879998
1708879999
1708880608
1708880609
1708881031
1708881032
1708881617
1708881618
1708882834
1708882835
1708936053
1708936054
1708962660
1708962661
1709315704
1709353166
1709364688
1709394295
1709424065
1709437869
1710906510
1712875836
1714122003
1714211095
1714226147
1715078839
1716790714
1717647925
1717647926
1717647927
1717647928
1718150976
1718175568
1718195265
1722501971
1722507050
1722547626
1722558107
1722708222
1722961663
1723874096
1723874097
1726449309
1726505156
1726811835
1727220363
1727237269
1727254930
1727894863
1731043814
1731086609
1731306225
1731306226
1736828010
1738948483
1739036205
1739235690
1739260611
1739359275
1739510160
1740427636
1741124385
1741348279
1743175475
1744058409
1744187580
1745946503
1745980292
1746011281
1746331380
1746374458
1746443370
1746443371
1746531104
1746696301
1748376644
1748706044
1748728930
1748728931
1748936046
1748982986
1749027227
1749041755
1749061606
1753056819
1753171078
1753266182
1753361225
1753363436
1753374504
1753374782
1753400368
1753437060
1754994879
1754994880
1756219727
1756230186
1756230187
1757353582
1757499684
1759412360
1759422015
1759428324
1759493277
1759635283
1760602253
1760602254
1760602255
1760602256
1760625633
1760625634
1760625635
1760625636
1760680341
1760680342
1760706696
1760706697
1762430416
1762433550
1762435409
1762439589
1762529897
1762529898
1762538092
1762538093
1762540767
1762540768
1762790084
1762790085
1762807357
1762807358
1762820123
1762820124
1762862327
1762862328
1762862409
1762879529
1762895783
1762895784
1762927643
1762927644
1762943981
1762943982
1763080198
1763080199
1763715828
1763768217
1763768218
1763897893
1763897894
1763924170
1764102201
1764102202
1764108835
1765961578
1766001530
1766039758
1774430164
1774444495
1777029377
1777180807
1777274085
1777290148
1777520540
1779684031
1779812742
1779812743
1779909632
1779909633
1780056542
1780282316
1781672928
1781674629
1782203640
1782258708
1782307004
1785534903
1785543769
1785551366
1785603435
1785603436
1787466475
1789189219
1789279442
1789310121
1789347071
1789391247
1789402460
1789720993
1790039887
1790059632
1790098918
1790147863
1790161621
1790165202
1790200744
1791054007
1791054008
1791089324
1791089325
1791189055
1791217427
1791636841
1791905647
1791938235
1794493915
1794506607
1797173263
1797173264
1800779047
1800865686
1800954287
1801051958
1801063732
1802639538
1802975675
1803056791
1803132909
1803261806
1803290591
1803325434
1803353004
1803379047
1803387301
1803387302
1803391803
1803391804
1803418841
1803420371
1803420372
1803435576
1803438840
1803640184
1805440674
1805806469
1805806470
1807334137
1807389265
1809251874
1809280909
1809329327
1809338380
1809491695
1809506144
1809544054
1809630338
1809656915
1809725818
1809740364
1809769289
1809841789
1815394096
1815394097
1815515574
1815535217
1815565161
1815582938
1815598406
1815625029
1815650273
1818071552
1818084883
10002289953
10002289954
10002297555
10002297556
10002337612
10003342415
10003358845
10003377684
10003429225
10003444202
10003457006
10003480836
10003498300
10003511123
10003548672
10003570757
10003595680
10004259143
10006740432
10006795547
10006880554
10007063684
10007213440
10007230689
10008787107
10008825591
10009139260
10009164482
10010257432
10010339525
10010357132
10014029153
10014082808
10014132967
10014164783
10014212079
10014259517
10014284782
10014321167
10014344404
10014374012
10014459018
10016425288
10016425289
10017522792
10017551662
10017844757
10018042103
10018073761
10018542425
10018556511
10019499126
10019530228
10019580679
10019703527
10019868708
10020255253
10020342887
10020468852
10020646262
10021693100
10021762259
10021774533
10021851012
10021921039
10021969639
10022410775
10022595997
10022715872
10022850860
10024189842
10024588093
10026391479
10026448147
10026756569
10029767823
10030143664
10030518407
10030523363
10031271542
10032221493
10033267464
10036768056
10036803475
10037248093
10037257502
10037257503
10037353893
10037360309
10037360310
10037362723
10037362724
10037363173
10037363174
10037590275
10038308785
10038396565
10038509340
10038512297
10038712628
10039940204
10040017911
10040054672
10040065294
10040074693
10040084803
10040088097
10040208151
10041570084
10041617367
10041626713
10041683262
10042700779
10042796818
10042815275
10042961991
10042988265
10043012739
10043039229
10043089206
10043180057
10043180058
10044022760
10044046276
10046821666
10047283008
10048188966
10048225444
10048800429
10049613027
10049664729
10049664730
10049695624
10049695625
10049763517
10049763518
10049957989
10049957990
10050133088
10050143932
10050178535
10050188148
10050199209
10050208370
10051155344
10051375593
10051480352
10051488965
10051614412
10051614413
10052995932
10055871801
10055871802
10055887470
10055887471
10056666617
10056666618
10056907394
10056956288
10056993579
10057028553
10057068700
10057149232
10058749481
10060537154
10060784004
10060903264
10063584883
10063749397
10063784798
10066289134
10066289135
10067997103
10067997104
10069928444
10069992443
10070095724
10070930140
10070960135
10070978777
10071310597
10071421845
10072474488
10072490101
10072763118
10072878820
10072900175
10072927617
10072944979
10072966027
10072976017
10073072800
10073170028
10074539584
10074561213
10074606526
10074616557
10074698181
10074704191
10074745842
10074745843
10074748974
10074748975
10075176797
10075243886
10075335637
10075364856
10075385637
10075410358
10075436870
10075710576
10076725841
10077852120
10078459121
10079239876
10079442403
10080525254
10080532378
10080832457
10080910831
10081106797
10081112719
10081204683
10082432482
10082439872
10082466114
10082475199
10082499871
10082566712
10082698189
10082709644
10082716547
10082733311
10082742919
10082776313
10082793958
10082803469
10082811202
10082830995
10082840223
10082874448
10082935846
10082941534
10082950036
10083412675
10083792982
10084094550
10084168037
10084538203
10084542430
10084583625
10084630118
10084646966
10084646967
10084693691
10084693692
10084708622
10084708623
10085292332
10087265666
10087265667
10087280746
10087280747
10087547850
10087547851
10088822096
10088872131
10088915874
10089604173
10089727717
10090564475
10091570053
10091708398
10091718345
10091780343
10091791983
10092006128
10092271479
10092387685
10092487769
10092555700
10093067912
10093207701
10093295361
10093605773
10093605774
10093620260
10093620261
10093767290
10095092076
10095183470
10095282532
10095419081
10096312130
10096312131
10100581355
10100708972
10100708973
10100788628
10100788629
10101927939
10102512680
10102513093
10102516553
10102532014
10102544798
10102548348
10102551455
10102552719
10102560319
10102560320
10102560321
10102560322
10102560323
10103894110
10104893048
10104964921
10105048511
10105115966
10105190441
10105190442
10105190443
10105917361
10105932325
10105959007
10106348327
10106354214
10106355992
10106360904
10106361562
10106365609
10106366185
10106369649
10106372289
10106373529
10106374929
10106448154
10106463131
10106505252
10106557340
10107128874
10107131060
10107174351
10107193352
10107683914
10107693314
10107714118
10107714119
10107748590
10107765342
10110957241
10110957242
10110991391
10111064181
10111092883
10111111062
10111256191
10111285914
10111300349
10111312461
10111328639
10111336422
10111344922
10111354243
10111365917
10111369460
10111376664
10111383113
10111388974
10111395967
10111402582
10111407983
10111411397
10111419719
10111423887
10111435839
10111443376
10111451702
10111455765
10111470398
10111477528
10111506237
10111507298
10111846033
10113411819
10114591220
10114605828
10115011942
10115033636
10116596906
10116935329
10116938722
10118431222
10118431223
10119997750
10119997751
10120149000
10120157532
10120375945
10121329814
10122222265
10122222266
10122234540
10122234541
10123499968
10123520681
10123850677
10124142251
10124144583
10124433235
10124434332
10125959100
10126013316
10127771857
10127771858
10128036463
10128036464
10128050116
10128059861
10128745065